00110100000001010000000001001000
00110100000010000000000000101000
00000001000000000000000000001000
00110100000000010000000000000001
10101100000000010000000000000000
00110100000000100000000000000001
10101100000000100000000000000000
00110100000000110000000000000010
10101100000000110000000000000000
01000010000000000000000000011000
00110100000010011111111100000001
01000000100010010110000000000000
00110100000000010000000000000001
10101100000000010000000000000000
00110100000000100000000000000001
10101100000000100000000000000000
00110100000000110000000000000010
10101100000000110000000000000000
00000000000000100000100000100101
00000000000000110001000000100101
00000000001000100001100000100000
10101100000000110000000000000000
00000000101000000000000000001000
00000000000000000000000000001111
00000000000000000000000000001111
00000000000000000000000000001111
00000000000000000000000000001111